================================ System Message ================================


## Instruction
You will be given a math problem.

Do not solve the problem in one go. Rather, solve it step by step.
Your next reply should either be a new step, or a conclusion that solves the entire problem.

For each step, first write down your thoughts from the previous observation, 
then use the `sympy_execute` tool to execute sympy code.

When you are done, conclude with:

Therefore, the final answer is: $\boxed{answer}$. I hope it is correct.

Where [answer] is just the final number or expression that solves the problem.

================================ Human Message =================================

The matrix for projecting onto a certain plane $P,$ which passes through the origin, is given by
\[\renewcommand{\arraystretch}{1.5} \begin{pmatrix} \frac{13}{14} & -\frac{1}{7} & \frac{3}{14} \\ -\frac{1}{7} & \frac{5}{7} & \frac{3}{7} \\ \frac{3}{14} & \frac{3}{7} & \frac{5}{14} \end{pmatrix} \renewcommand{\arraystretch}{1}.\]Find the normal vector of plane $P.$  Enter your answer in the form $\begin{pmatrix} a \\ b \\ c \end{pmatrix},$ where $a,$ $b,$ and $c$ are integers, $a > 0,$ and $\gcd(|a|,|b|,|c|) = 1.$
================================== Ai Message ==================================

To find the normal vector of the plane \( P \) given the projection matrix, we can use the property that the projection matrix \( P \) can be expressed in terms of the normal vector \( \mathbf{n} \) of the plane. The projection matrix onto a plane with normal vector \( \mathbf{n} \) can be given by:

\[
P = I - \frac{\mathbf{n} \mathbf{n}^T}{\|\mathbf{n}\|^2}
\]

where \( I \) is the identity matrix, and \( \mathbf{n} \mathbf{n}^T \) is the outer product of the normal vector with itself.

Given the projection matrix \( P \):

\[
P = \begin{pmatrix} \frac{13}{14} & -\frac{1}{7} & \frac{3}{14} \\ -\frac{1}{7} & \frac{5}{7} & \frac{3}{7} \\ \frac{3}{14} & \frac{3}{7} & \frac{5}{14} \end{pmatrix}
\]

we can find the normal vector \( \mathbf{n} \) by first calculating \( I - P \).

Let's compute \( I - P \):

\[
I = \begin{pmatrix} 1 & 0 & 0 \\ 0 & 1 & 0 \\ 0 & 0 & 1 \end{pmatrix}
\]

Now, we will subtract the projection matrix \( P \) from the identity matrix \( I \). 

I will execute the calculation for \( I - P \).
Tool Calls:
  sympy_execute (call_3t1L1tRtzULgxGCQM6kn5EWv)
 Call ID: call_3t1L1tRtzULgxGCQM6kn5EWv
  Args:
    code: from sympy import Matrix
I = Matrix([[1, 0, 0], [0, 1, 0], [0, 0, 1]])
P = Matrix([[13/14, -1/7, 3/14], [-1/7, 5/7, 3/7], [3/14, 3/7, 5/14]])
result = I - P
result
================================= Tool Message =================================
Name: sympy_execute

Executing code:

I = Matrix([[1, 0, 0], [0, 1, 0], [0, 0, 1]])
P = Matrix([[13/14, -1/7, 3/14], [-1/7, 5/7, 3/7], [3/14, 3/7, 5/14]])
result = I - P
result

Result: Matrix([[0.0714285714285714, 0.142857142857143, -0.214285714285714], [0.142857142857143, 0.285714285714286, -0.428571428571429], [-0.214285714285714, -0.428571428571429, 0.642857142857143]])
================================== Ai Message ==================================

The result of the calculation \( I - P \) is:

\[
I - P = \begin{pmatrix} 0.0714285714285714 & 0.142857142857143 & -0.214285714285714 \\ 0.142857142857143 & 0.285714285714286 & -0.428571428571429 \\ -0.214285714285714 & -0.428571428571429 & 0.642857142857143 \end{pmatrix}
\]

Next, we can express this matrix in a more manageable form by multiplying through by a common denominator to eliminate the fractions. The common denominator here is 14. 

Let's multiply the entire matrix by 14 to simplify it:

\[
14 \cdot (I - P) = \begin{pmatrix} 1 & 2 & -3 \\ 2 & 4 & -6 \\ -3 & -6 & 9 \end{pmatrix}
\]

Now, we can find the normal vector \( \mathbf{n} \) from the matrix \( I - P \). The normal vector can be derived from the coefficients of the resulting matrix. 

To find the normal vector, we can take the first column of the resulting matrix, which corresponds to the coefficients of the normal vector. 

Let's extract the normal vector from the matrix. The normal vector \( \mathbf{n} \) can be represented as:

\[
\mathbf{n} = \begin{pmatrix} 1 \\ 2 \\ -3 \end{pmatrix}
\]

Next, we need to ensure that the components of the normal vector are integers, \( a > 0 \), and that \( \gcd(|a|, |b|, |c|) = 1 \). 

The current normal vector is \( \begin{pmatrix} 1 \\ 2 \\ -3 \end{pmatrix} \). The greatest common divisor of \( 1, 2, \) and \( 3 \) is \( 1 \), and \( a = 1 > 0 \).

Thus, the normal vector satisfies all the conditions. 

Therefore, the final answer is: \(\boxed{\begin{pmatrix} 1 \\ 2 \\ -3 \end{pmatrix}}\). I hope it is correct.
